$ 1 0.000049999999999999996 10.20027730826997 50 5 50 5e-11
162 384 -128 432 -128 2 default-led 1 0 0 0.01
r 496 -128 560 -128 0 500
g 752 128 752 176 0 0
r 496 -64 560 -64 0 500
162 384 -64 432 -64 2 default-led 1 0 0 0.01
162 384 0 432 0 2 default-led 1 0 0 0.01
r 496 0 560 0 0 500
r 496 64 560 64 0 500
162 384 64 432 64 2 default-led 1 0 0 0.01
162 384 128 432 128 2 default-led 1 0 0 0.01
r 496 128 560 128 0 500
s 496 -160 560 -160 0 1 false
s 496 -96 560 -96 0 1 false
s 496 -32 560 -32 0 1 false
s 496 32 560 32 0 1 false
s 496 96 560 96 0 1 false
w 496 -160 496 -128 0
w 560 -160 560 -128 0
w 496 -96 496 -64 0
w 560 -96 560 -64 0
w 496 -32 496 0 0
w 560 -32 560 0 0
w 496 32 496 64 0
w 560 32 560 64 0
w 496 96 496 128 0
w 560 96 560 128 0
r 656 0 720 0 0 500
w 560 -128 624 -128 0
w 560 -64 624 -64 0
w 560 0 624 0 0
w 560 64 624 64 0
w 560 128 624 128 0
w 624 -128 624 -64 0
w 624 -64 624 0 0
w 624 0 624 64 0
w 624 64 624 128 0
w 752 0 752 128 0
w 720 0 752 0 0
w 720 -32 720 0 0
w 656 -32 656 0 0
s 656 -32 720 -32 0 0 false
w 624 0 656 0 0
w 432 -128 496 -128 0
w 432 -64 496 -64 0
w 432 0 496 0 0
w 432 64 496 64 0
w 432 128 496 128 0
w 320 0 384 0 0
w 320 32 352 32 0
w 352 32 352 64 0
w 352 64 384 64 0
w 320 64 320 128 0
w 320 128 384 128 0
w 320 -32 352 -32 0
w 352 -32 352 -64 0
w 352 -64 384 -64 0
w 320 -64 320 -128 0
w 320 -128 384 -128 0
x 281 192 611 195 4 16 toggle\sall\sswitches\sto\sthe\sright\sof\sthe\sLED\sarray
s 160 -64 224 -64 0 0 false
w 224 -64 320 -64 0
w 224 -32 320 -32 0
s 160 -32 224 -32 0 0 false
w 224 0 320 0 0
s 160 0 224 0 0 1 false
w 224 32 320 32 0
s 160 32 224 32 0 1 false
w 224 64 320 64 0
s 160 64 224 64 0 0 false
v 48 32 48 -16 0 0 40 5 0 0 0.5
w 160 -64 112 -64 0
w 160 -32 112 -32 0
w 160 0 112 0 0
w 160 32 112 32 0
w 160 64 112 64 0
w 112 64 112 32 0
w 112 32 112 0 0
w 112 0 112 -32 0
w 112 -32 112 -64 0
w 112 -64 48 -64 0
w 48 -64 48 -16 0
g 48 128 48 176 0 0
w 48 32 48 128 0
x 288 212 582 215 4 16 (five\sON,\sone\soff\s..\sor\s..\sfive\sOFF,\sone\sON)
x 724 -66 908 -63 4 14 Single\scurrent-limiting\sresistor
x 727 -49 879 -46 4 14 is\san\sineffective\sstrategy.
x -14 -13 31 -10 4 22 \p5\sV
